100
0 3750.56
1 2210.86
2 782.25
3 1240.73
4 1243.83
5 1233.82
6 1273.39
7 1234.53
8 1212.84
9 1384.26
10 1125.34
11 1267.43
12 1172.30
13 1204.01
14 1204.49
15 1271.01
16 865.94
17 1210.69
18 961.30
19 1200.20
20 1211.17
21 1173.02
22 1204.01
23 1220.46
24 1187.56
25 1214.50
26 1190.19
27 1198.53
28 1208.78
29 1206.87
30 1233.34
31 1281.98
32 1207.35
33 1214.03
34 1209.02
35 1264.10
36 1208.78
37 1201.39
38 1243.11
39 1496.32
40 1282.22
41 837.56
42 1316.07
43 1444.82
44 1240.25
45 1235.72
46 1268.63
47 712.39
48 1225.47
49 1264.33
50 1294.61
51 1261.47
52 1254.56
53 1298.90
54 1268.86
55 1236.44
56 1235.96
57 1231.43
58 1270.53
59 1236.92
60 1246.93
61 1255.51
62 1301.77
63 824.21
64 746.97
65 1237.39
66 1220.70
67 1227.14
68 1237.87
69 1210.21
70 1221.42
71 1226.90
72 1242.64
73 1272.92
74 1306.77
75 1259.09
76 1302.72
77 1265.29
78 1260.04
79 1272.44
80 1120.09
81 698.57
82 698.09
83 1186.61
84 864.03
85 751.73
86 659.23
87 754.12
88 831.84
89 1327.28
90 1162.53
91 1185.66
92 1240.02
93 713.59
94 1112.46
95 863.79
96 1213.55
97 1562.12
98 1165.87
99 878.10
